{
 "cells": [
  {
   "cell_type": "markdown",
   "metadata": {},
   "source": [
    "## Tarea II Javier Francisco Castilla Jiménez LNC UNAM\n",
    "\n",
    "### Ejercicio 1\n",
    "1. (2 puntos) Utilizando list comprehensions construya las secuencias listadas a continuación:\n",
    "\n",
    ">(a) Secuencia con los cubos de los números enteros del 1 al 10.\n",
    "\n",
    ">(b) Secuencia con las potencias cubos de los números enteros del 1 al 15 que sean\n",
    "pares.\n",
    "\n",
    ">(c) Secuencia con las vocales de la frase \\Allá en mi León, Guanajuato La vida no\n",
    "vale nada\"\n",
    "\n",
    ">(d) Qué hizo para obtener las vocales acentuadas y en mayúsculas?\n",
    "\n",
    "**Usar la estructura de control if para filtrar las vocales incluyendo vocales mayúsculas y vocales acentuadas**\n",
    ">>**if vocal in \"aeiouAEIOUáéíóúÁÉÍÓÚ\"**\n"
   ]
  },
  {
   "cell_type": "code",
   "execution_count": 15,
   "metadata": {},
   "outputs": [
    {
     "name": "stdout",
     "output_type": "stream",
     "text": [
      "[1, 8, 27, 64, 125, 216, 343, 512, 729, 1000]\n"
     ]
    }
   ],
   "source": [
    "#(a) Secuencia con los cubos de los números enteros del 1 al 10.\n",
    "cubos=[i**3 for i in range(1,11)] #list comprenhension\n",
    "print(cubos) # imprimimos para verificar que la lista es lo solicitado\n",
    "    \n",
    "    "
   ]
  },
  {
   "cell_type": "code",
   "execution_count": 17,
   "metadata": {},
   "outputs": [
    {
     "name": "stdout",
     "output_type": "stream",
     "text": [
      "[8, 64, 216, 512, 1000, 1728, 2744]\n"
     ]
    }
   ],
   "source": [
    "#(b) Secuencia con las potencias cubos de los números enteros del 1 al 15 que sean pares.\n",
    "cupar=[i**3 for i in range(1,16) if i%2==0]\n",
    "print(cupar)\n"
   ]
  },
  {
   "cell_type": "code",
   "execution_count": 21,
   "metadata": {},
   "outputs": [
    {
     "name": "stdout",
     "output_type": "stream",
     "text": [
      "['A', 'á', 'e', 'i', 'e', 'ó', 'u', 'a', 'a', 'u', 'a', 'o', 'a', 'i', 'a', 'o', 'a', 'e', 'a', 'a']\n"
     ]
    }
   ],
   "source": [
    "#>(c) Secuencia con las vocales de la frase \\\"Allá en mi León, Guanajuato La vida no vale nada\"\n",
    "frase=\"Allá en mi León, Guanajuato La vida no vale nada\"  \n",
    "vowels=[vocal for vocal in frase if vocal in \"aeiouAEIOUáéíóúÁÉÍÓÚ\"]\n",
    "print(vowels)"
   ]
  },
  {
   "cell_type": "markdown",
   "metadata": {},
   "source": [
    "### Ejercicio 2\n",
    "2. (2 puntos) Resuelva los siguientes ejercicios utilizando numpy:\n",
    "\n",
    ">(a) Cree una matriz vacía de 4 renglones y 4 columnas\n",
    "\n",
    ">(b) Llene la matriz anterior con 4. LLame a la matriz B\n",
    "\n",
    ">(c) Cree una matriz diagonal donde la diagonal esté llena con unos. Llame a esta matriz C\n",
    "\n",
    ">(d) Calcule A=B-C (elemento a elmento)\n",
    "\n",
    ">(e) Genere un matriz aleatoria de la misma dimensión que A. Imprima la dimensión de la matriz. Llame a esta matriz D\n",
    "\n",
    ">(f) Multiplique elemento a elemento la matriz D*A y guárdela en A.\n",
    "\n",
    ">(g) Usando la función np.concatenate (vea la ayuda) haga que la mátriz A y la D se fusionen formando una matriz de 4 renglones\n",
    "y 8 columnas.\n",
    "\n",
    ">(h) Calcule la media por renglones, por columnas, así como la varianza, la media, la desviación estándar y la mediana."
   ]
  },
  {
   "cell_type": "code",
   "execution_count": 33,
   "metadata": {},
   "outputs": [
    {
     "name": "stdout",
     "output_type": "stream",
     "text": [
      "(4, 4)\n"
     ]
    }
   ],
   "source": [
    "import numpy as np\n",
    "B=np.empty(shape=(4,4)) # empty no crea una matriz vacía sino valores arbitrarios \"vacios\" de significado pero es lo más cercano a una matriz vacía\n",
    "B=([4,4,4,4],[4,4,4,4],[4,4,4,4],[4,4,4,4])#llenamos la matriz anterior con 4\n",
    "C=np.identity(4) # matriz diagonal con 1 en la diagonal de 4x4 use np.identity envez np.eye() porque la matriz que quería crear era cuadrada \n",
    "A=B-C #calculamos A\n",
    "D=np.random.random(A.shape) # función np.random.random() para crear matriz aleatoria\n",
    "print(D.shape) #imprimimos la dimensión de la matriz D\n",
    "A=D*A #calculamos D*A, actualizamos el valor de A\n",
    "fusionAD=np.concatenate((A,D),axis=1)  #concatenamos A y D pero por el axis=1 es decir via los renglones entonces queda la misma cantidad de renglones\n",
    "mediargl=fusion.mean(axis=1) # media por renglones #use el metodo numpy.ndarray.mean y especifique el axis #Recordatorio  axis=0 columnas, axis=1 renglones \n",
    "mediacol=fusion.mean(axis=0)# media por columna #axis=0 columna \n",
    "varargl=fusion.var(axis=1)# varianza por renglón #método numpy.ndarray.var\n",
    "varcol=fusion.var(axis=0) #varianza por columna\n",
    "stdrgl=fusion.std(axis=0)#desviación estándar #método numpy.ndarray.std\n",
    "stdcol=fusion.std(axis=1)#desviación estándar por columna \n",
    "medianargl=np.median(fusion,axis=1)#mediana por renglón # función numpy.median\n",
    "medianargl=np.median(fusion,axis=0)#mediana por renglón\n",
    " \n",
    "    #estdísticas en toda la matriz aplanada\n",
    "med=fusion.mean()#media en matriz aplanada\n",
    "var=fusion.var()# varianza en matriz aplanada\n",
    "std=fusion.std()#Desviación estándar en matriz aplanada\n",
    "mediana=np.median(fusion)#mediana en matriz aplanada"
   ]
  },
  {
   "cell_type": "markdown",
   "metadata": {},
   "source": [
    "### Ejercicio 3\n",
    "3. (2 puntos) Haga las siguientes operaciones utilizando numpy.\n",
    "\n",
    ">(a) Genere una matriz aleatoria de 10x10, ahora multiplíquela por 10.¿Qué observa?. Llame a esta matriz A1.\n",
    "####  Observo que los valores de la matriz A1 son menores que 10 eso significa que la matriz aleatoria tenía solo números menores que 1\n",
    ">(b) Eleve a la potencia 2 cada uno de los elementos de esta matriz. LLámela A1.\n",
    "\n",
    ">(c) Sume el renglón 0 con el renglón 3 y guardelo en B1.\n",
    "\n",
    ">(d) Reste al renglón 9 el valor del renglón 5 y guárdelo en el renglón 8. Luego sume la columna 4 con la columna 3 y guárdela en la columna 0.\n",
    "\n",
    ">(e) Genere una matriz C1, esta matriz debe tener en el renglón 0 el renglón 9 de la matriz A1; el renglón 1 debe ser el renglón 8 de la matriz A1, y así sucesivamente.Para realizarlo, debe hacer uso de algún ciclo.\n",
    "\n",
    ">(f) Sin usar C1 haga el mismo procedimiento del ejercicio anterior pero guarde los cambios en A1. Debe comprobar sus resultados notando que A1 debería ser igual\n",
    "a C1 si todo es correcto.\n",
    "\n",
    ">(g) Utilizando el comando np.tile (vea la ayuda), reste a la matriz A1 resultante el vector B1 en cada renglón. A este proceso de empatar dimensiones se le conoce\n",
    "como Broadcasting. Guarde este resultado en D1\n",
    "\n",
    ">(h) Muestre solamente los renglones pares de la matriz D1, luego muestre solo las columnas pares.\n",
    "\n",
    ">(i) Obtenga los renglones del 0 al 3 (abierto) y las columnas impares de la matriz D1."
   ]
  },
  {
   "cell_type": "code",
   "execution_count": 83,
   "metadata": {},
   "outputs": [
    {
     "name": "stdout",
     "output_type": "stream",
     "text": [
      "[[8.89310005 3.44086725 5.02942202 2.65832357 6.93947128 9.75717621\n",
      "  6.80407184 8.88502028 8.45759665 6.3197424 ]\n",
      " [9.45526521 5.76539336 4.68378237 2.195106   8.17645221 0.73457987\n",
      "  6.31007178 0.48099942 2.55648858 8.03320005]\n",
      " [9.3540702  7.57303444 6.4400669  7.07181956 5.0049167  5.03819859\n",
      "  1.65512522 4.20828619 0.05234327 7.15367616]\n",
      " [7.29427005 9.52928581 7.58091179 9.33508958 7.23251632 5.94961657\n",
      "  5.21109447 1.64332725 7.53603179 3.46585197]\n",
      " [1.45155384 3.81379902 5.33755034 1.08757641 8.40934706 0.90305576\n",
      "  5.92552628 2.61669704 3.55413516 6.36788711]\n",
      " [9.93849692 2.13931056 7.77053756 7.21091063 5.32551517 4.535248\n",
      "  5.29550318 0.70420976 4.57642046 8.99556899]\n",
      " [2.75539705 8.62880171 3.87160235 8.22305039 8.11587354 0.94382349\n",
      "  4.40214064 1.70198695 4.27269111 2.25028706]\n",
      " [2.15519017 5.86156936 3.25079516 0.94885982 6.73940491 9.29620823\n",
      "  9.62405704 2.37988696 2.04891312 6.10025145]\n",
      " [4.07286703 2.31344303 9.063643   2.66333968 7.13648929 8.4997181\n",
      "  1.20263773 6.6536975  2.36275047 9.20300744]\n",
      " [4.37914947 2.78697305 8.65366014 6.89887978 0.94103717 5.42631912\n",
      "  1.59618979 7.01578441 8.74173167 9.41202172]]\n",
      "------------------------------------------------------------------------\n",
      "cuadrados [[7.90872286e+01 1.18395674e+01 2.52950858e+01 7.06668421e+00\n",
      "  4.81562616e+01 9.52024875e+01 4.62953937e+01 7.89435854e+01\n",
      "  7.15309412e+01 3.99391440e+01]\n",
      " [8.94020402e+01 3.32397606e+01 2.19378173e+01 4.81849036e+00\n",
      "  6.68543707e+01 5.39607580e-01 3.98170059e+01 2.31360438e-01\n",
      "  6.53563384e+00 6.45323031e+01]\n",
      " [8.74986294e+01 5.73508507e+01 4.14744617e+01 5.00106318e+01\n",
      "  2.50491912e+01 2.53834450e+01 2.73943948e+00 1.77096726e+01\n",
      "  2.73981813e-03 5.11750827e+01]\n",
      " [5.32063756e+01 9.08072880e+01 5.74702236e+01 8.71438975e+01\n",
      "  5.23092923e+01 3.53979373e+01 2.71555056e+01 2.70052445e+00\n",
      "  5.67917751e+01 1.20121299e+01]\n",
      " [2.10700855e+00 1.45450630e+01 2.84894436e+01 1.18282244e+00\n",
      "  7.07171180e+01 8.15509698e-01 3.51118617e+01 6.84710341e+00\n",
      "  1.26318768e+01 4.05499863e+01]\n",
      " [9.87737211e+01 4.57664967e+00 6.03812539e+01 5.19972321e+01\n",
      "  2.83611118e+01 2.05684744e+01 2.80423539e+01 4.95911385e-01\n",
      "  2.09436242e+01 8.09202614e+01]\n",
      " [7.59221293e+00 7.44562190e+01 1.49893048e+01 6.76185578e+01\n",
      "  6.58674033e+01 8.90802786e-01 1.93788422e+01 2.89675958e+00\n",
      "  1.82558893e+01 5.06379186e+00]\n",
      " [4.64484466e+00 3.43579953e+01 1.05676692e+01 9.00334953e-01\n",
      "  4.54195786e+01 8.64194874e+01 9.26224740e+01 5.66386195e+00\n",
      "  4.19804499e+00 3.72130678e+01]\n",
      " [1.65882458e+01 5.35201866e+00 8.21496245e+01 7.09337825e+00\n",
      "  5.09294794e+01 7.22452077e+01 1.44633752e+00 4.42716904e+01\n",
      "  5.58258976e+00 8.46953459e+01]\n",
      " [1.91769500e+01 7.76721876e+00 7.48858337e+01 4.75945422e+01\n",
      "  8.85550962e-01 2.94449391e+01 2.54782185e+00 4.92212309e+01\n",
      "  7.64178727e+01 8.85861528e+01]]\n",
      "------------------------------------------------------------------------\n",
      "A1 modificado  [[ 7.90872286e+01  1.18395674e+01  2.52950858e+01  7.06668421e+00\n",
      "   4.81562616e+01  9.52024875e+01  4.62953937e+01  7.89435854e+01\n",
      "   7.15309412e+01  3.99391440e+01]\n",
      " [ 8.94020402e+01  3.32397606e+01  2.19378173e+01  4.81849036e+00\n",
      "   6.68543707e+01  5.39607580e-01  3.98170059e+01  2.31360438e-01\n",
      "   6.53563384e+00  6.45323031e+01]\n",
      " [ 8.74986294e+01  5.73508507e+01  4.14744617e+01  5.00106318e+01\n",
      "   2.50491912e+01  2.53834450e+01  2.73943948e+00  1.77096726e+01\n",
      "   2.73981813e-03  5.11750827e+01]\n",
      " [ 5.32063756e+01  9.08072880e+01  5.74702236e+01  8.71438975e+01\n",
      "   5.23092923e+01  3.53979373e+01  2.71555056e+01  2.70052445e+00\n",
      "   5.67917751e+01  1.20121299e+01]\n",
      " [ 2.10700855e+00  1.45450630e+01  2.84894436e+01  1.18282244e+00\n",
      "   7.07171180e+01  8.15509698e-01  3.51118617e+01  6.84710341e+00\n",
      "   1.26318768e+01  4.05499863e+01]\n",
      " [ 9.87737211e+01  4.57664967e+00  6.03812539e+01  5.19972321e+01\n",
      "   2.83611118e+01  2.05684744e+01  2.80423539e+01  4.95911385e-01\n",
      "   2.09436242e+01  8.09202614e+01]\n",
      " [ 7.59221293e+00  7.44562190e+01  1.49893048e+01  6.76185578e+01\n",
      "   6.58674033e+01  8.90802786e-01  1.93788422e+01  2.89675958e+00\n",
      "   1.82558893e+01  5.06379186e+00]\n",
      " [ 4.64484466e+00  3.43579953e+01  1.05676692e+01  9.00334953e-01\n",
      "   4.54195786e+01  8.64194874e+01  9.26224740e+01  5.66386195e+00\n",
      "   4.19804499e+00  3.72130678e+01]\n",
      " [-7.95967710e+01  3.19056908e+00  1.45045798e+01 -4.40268988e+00\n",
      "  -2.74755608e+01  8.87646474e+00 -2.54945321e+01  4.87253195e+01\n",
      "   5.54742484e+01  7.66589137e+00]\n",
      " [ 1.91769500e+01  7.76721876e+00  7.48858337e+01  4.75945422e+01\n",
      "   8.85550962e-01  2.94449391e+01  2.54782185e+00  4.92212309e+01\n",
      "   7.64178727e+01  8.85861528e+01]]\n",
      "------------------------------------------------------------------------\n",
      "A1 + modificado  [[ 5.52229458e+01  1.18395674e+01  2.52950858e+01  7.06668421e+00\n",
      "   4.81562616e+01  9.52024875e+01  4.62953937e+01  7.89435854e+01\n",
      "   7.15309412e+01  3.99391440e+01]\n",
      " [ 7.16728611e+01  3.32397606e+01  2.19378173e+01  4.81849036e+00\n",
      "   6.68543707e+01  5.39607580e-01  3.98170059e+01  2.31360438e-01\n",
      "   6.53563384e+00  6.45323031e+01]\n",
      " [ 7.50598230e+01  5.73508507e+01  4.14744617e+01  5.00106318e+01\n",
      "   2.50491912e+01  2.53834450e+01  2.73943948e+00  1.77096726e+01\n",
      "   2.73981813e-03  5.11750827e+01]\n",
      " [ 1.39453190e+02  9.08072880e+01  5.74702236e+01  8.71438975e+01\n",
      "   5.23092923e+01  3.53979373e+01  2.71555056e+01  2.70052445e+00\n",
      "   5.67917751e+01  1.20121299e+01]\n",
      " [ 7.18999405e+01  1.45450630e+01  2.84894436e+01  1.18282244e+00\n",
      "   7.07171180e+01  8.15509698e-01  3.51118617e+01  6.84710341e+00\n",
      "   1.26318768e+01  4.05499863e+01]\n",
      " [ 8.03583439e+01  4.57664967e+00  6.03812539e+01  5.19972321e+01\n",
      "   2.83611118e+01  2.05684744e+01  2.80423539e+01  4.95911385e-01\n",
      "   2.09436242e+01  8.09202614e+01]\n",
      " [ 1.33485961e+02  7.44562190e+01  1.49893048e+01  6.76185578e+01\n",
      "   6.58674033e+01  8.90802786e-01  1.93788422e+01  2.89675958e+00\n",
      "   1.82558893e+01  5.06379186e+00]\n",
      " [ 4.63199135e+01  3.43579953e+01  1.05676692e+01  9.00334953e-01\n",
      "   4.54195786e+01  8.64194874e+01  9.26224740e+01  5.66386195e+00\n",
      "   4.19804499e+00  3.72130678e+01]\n",
      " [-3.18782507e+01  3.19056908e+00  1.45045798e+01 -4.40268988e+00\n",
      "  -2.74755608e+01  8.87646474e+00 -2.54945321e+01  4.87253195e+01\n",
      "   5.54742484e+01  7.66589137e+00]\n",
      " [ 4.84800932e+01  7.76721876e+00  7.48858337e+01  4.75945422e+01\n",
      "   8.85550962e-01  2.94449391e+01  2.54782185e+00  4.92212309e+01\n",
      "   7.64178727e+01  8.85861528e+01]]\n",
      "------------------------------------------------------------------------\n",
      "la matriz C1  [[ 4.84800932e+01  7.76721876e+00  7.48858337e+01  4.75945422e+01\n",
      "   8.85550962e-01  2.94449391e+01  2.54782185e+00  4.92212309e+01\n",
      "   7.64178727e+01  8.85861528e+01]\n",
      " [-3.18782507e+01  3.19056908e+00  1.45045798e+01 -4.40268988e+00\n",
      "  -2.74755608e+01  8.87646474e+00 -2.54945321e+01  4.87253195e+01\n",
      "   5.54742484e+01  7.66589137e+00]\n",
      " [ 4.63199135e+01  3.43579953e+01  1.05676692e+01  9.00334953e-01\n",
      "   4.54195786e+01  8.64194874e+01  9.26224740e+01  5.66386195e+00\n",
      "   4.19804499e+00  3.72130678e+01]\n",
      " [ 1.33485961e+02  7.44562190e+01  1.49893048e+01  6.76185578e+01\n",
      "   6.58674033e+01  8.90802786e-01  1.93788422e+01  2.89675958e+00\n",
      "   1.82558893e+01  5.06379186e+00]\n",
      " [ 8.03583439e+01  4.57664967e+00  6.03812539e+01  5.19972321e+01\n",
      "   2.83611118e+01  2.05684744e+01  2.80423539e+01  4.95911385e-01\n",
      "   2.09436242e+01  8.09202614e+01]\n",
      " [ 7.18999405e+01  1.45450630e+01  2.84894436e+01  1.18282244e+00\n",
      "   7.07171180e+01  8.15509698e-01  3.51118617e+01  6.84710341e+00\n",
      "   1.26318768e+01  4.05499863e+01]\n",
      " [ 1.39453190e+02  9.08072880e+01  5.74702236e+01  8.71438975e+01\n",
      "   5.23092923e+01  3.53979373e+01  2.71555056e+01  2.70052445e+00\n",
      "   5.67917751e+01  1.20121299e+01]\n",
      " [ 7.50598230e+01  5.73508507e+01  4.14744617e+01  5.00106318e+01\n",
      "   2.50491912e+01  2.53834450e+01  2.73943948e+00  1.77096726e+01\n",
      "   2.73981813e-03  5.11750827e+01]\n",
      " [ 7.16728611e+01  3.32397606e+01  2.19378173e+01  4.81849036e+00\n",
      "   6.68543707e+01  5.39607580e-01  3.98170059e+01  2.31360438e-01\n",
      "   6.53563384e+00  6.45323031e+01]\n",
      " [ 5.52229458e+01  1.18395674e+01  2.52950858e+01  7.06668421e+00\n",
      "   4.81562616e+01  9.52024875e+01  4.62953937e+01  7.89435854e+01\n",
      "   7.15309412e+01  3.99391440e+01]]\n",
      "------------------------------------------------------------------------\n",
      "la matriz A1 modificada como C1  [[ 4.84800932e+01  7.76721876e+00  7.48858337e+01  4.75945422e+01\n",
      "   8.85550962e-01  2.94449391e+01  2.54782185e+00  4.92212309e+01\n",
      "   7.64178727e+01  8.85861528e+01]\n",
      " [-3.18782507e+01  3.19056908e+00  1.45045798e+01 -4.40268988e+00\n",
      "  -2.74755608e+01  8.87646474e+00 -2.54945321e+01  4.87253195e+01\n",
      "   5.54742484e+01  7.66589137e+00]\n",
      " [ 4.63199135e+01  3.43579953e+01  1.05676692e+01  9.00334953e-01\n",
      "   4.54195786e+01  8.64194874e+01  9.26224740e+01  5.66386195e+00\n",
      "   4.19804499e+00  3.72130678e+01]\n",
      " [ 1.33485961e+02  7.44562190e+01  1.49893048e+01  6.76185578e+01\n",
      "   6.58674033e+01  8.90802786e-01  1.93788422e+01  2.89675958e+00\n",
      "   1.82558893e+01  5.06379186e+00]\n",
      " [ 8.03583439e+01  4.57664967e+00  6.03812539e+01  5.19972321e+01\n",
      "   2.83611118e+01  2.05684744e+01  2.80423539e+01  4.95911385e-01\n",
      "   2.09436242e+01  8.09202614e+01]\n",
      " [ 7.18999405e+01  1.45450630e+01  2.84894436e+01  1.18282244e+00\n",
      "   7.07171180e+01  8.15509698e-01  3.51118617e+01  6.84710341e+00\n",
      "   1.26318768e+01  4.05499863e+01]\n",
      " [ 1.39453190e+02  9.08072880e+01  5.74702236e+01  8.71438975e+01\n",
      "   5.23092923e+01  3.53979373e+01  2.71555056e+01  2.70052445e+00\n",
      "   5.67917751e+01  1.20121299e+01]\n",
      " [ 7.50598230e+01  5.73508507e+01  4.14744617e+01  5.00106318e+01\n",
      "   2.50491912e+01  2.53834450e+01  2.73943948e+00  1.77096726e+01\n",
      "   2.73981813e-03  5.11750827e+01]\n",
      " [ 7.16728611e+01  3.32397606e+01  2.19378173e+01  4.81849036e+00\n",
      "   6.68543707e+01  5.39607580e-01  3.98170059e+01  2.31360438e-01\n",
      "   6.53563384e+00  6.45323031e+01]\n",
      " [ 5.52229458e+01  1.18395674e+01  2.52950858e+01  7.06668421e+00\n",
      "   4.81562616e+01  9.52024875e+01  4.62953937e+01  7.89435854e+01\n",
      "   7.15309412e+01  3.99391440e+01]]\n",
      "------------------------------------------------------------------------\n",
      "imprimiremos los renglones pares de la matriz D1:\n",
      "[-164.17185486  -99.45628631  -68.2607296   -98.61327155 -127.94111474\n",
      " -121.72396012  -98.94543127  -32.91879031  -72.84846779  -44.28538249]\n",
      "[   1.19235696  -28.19063645  -67.77600463  -26.59202389  -34.59815058\n",
      " -129.70962207  -54.07205698  -78.74735025 -110.0668269   -46.887482  ]\n",
      "[ -60.39366367  -88.10179243  -54.27586578  -93.02775924  -29.74843586\n",
      " -129.78491516  -38.33903752  -74.79700642 -115.69083946  -11.4012876 ]\n",
      "[ -57.23378116  -45.29600474  -41.29084767  -44.19994985  -75.41636274\n",
      " -105.21697985  -70.71145972  -63.9344372  -128.3199764    -0.77619119]\n",
      "[-77.07065833 -90.80728799 -57.47022361 -87.14389746 -52.3092923\n",
      " -35.39793731 -27.15550555  -2.70052445 -56.79177507 -12.01212989]\n",
      "------------------------------------------------------------------------\n",
      "imprimiremos los renglones pares de la matriz D1:\n",
      "[-94.87963664 -99.45628631 -68.28886007 -28.19063645 -98.07020572\n",
      " -88.10179243 -11.83956741 -45.29600474 -69.40709482 -90.80728799]\n",
      "[-46.61603944 -98.61327155 -93.31024672 -26.59202389 -42.21334956\n",
      " -93.02775924  -7.06668421 -44.19994985 -89.39209132 -87.14389746]\n",
      "[-101.15548572 -121.72396012  -44.18093743 -129.70962207 -110.03195046\n",
      " -129.78491516  -95.20248755 -105.21697985 -130.06081728  -35.39793731]\n",
      "[-32.42287893 -32.91879031 -75.98024788 -78.74735025 -81.14819844\n",
      " -74.79700642 -78.94358538 -63.9344372  -81.41274939  -2.70052445]\n",
      "[ 36.63487896 -44.28538249 -14.73820606 -46.887482    28.96898759\n",
      " -11.4012876  -39.93914397  -0.77619119  12.58102925 -12.01212989]\n",
      "------------------------------------------------------------------------\n",
      "los renglones del 0 al 3 (abierto) y las columnas impares de la matriz D1\n",
      "[ -83.81351094 -164.17185486  -85.97369061]\n",
      "[ -7.87947567 -68.2607296  -72.19764022]\n",
      "[ -99.58000294 -127.94111474  -55.04597532]\n",
      "[-70.90307736 -98.94543127  19.17157476]\n",
      "[ -51.90484356  -72.84846779 -124.12467124]\n"
     ]
    }
   ],
   "source": [
    "A1=(np.random.random((10,10)))*10 #creamos A1 siguiendo las instrucciones\n",
    "print(A1) #imprimo A1 \n",
    "print('------------------------------------------------------------------------')\n",
    "A1=A1**2 # elevo al cuadrado a A1 #wise element\n",
    "print('cuadrados',A1)\n",
    "print('------------------------------------------------------------------------')\n",
    "B1=A1[0]+A1[3] # creamos el vector B1\n",
    "A1[8]=A1[9]-A1[5] # modificamos el renglón 8 de A1\n",
    "print('A1 modificado ',A1)\n",
    "print('------------------------------------------------------------------------')\n",
    "A1[:,0]=A1[:,4]+A1[:,3]# modificamos la columna 0 de A1\n",
    "print('A1 + modificado ',A1)\n",
    "print('------------------------------------------------------------------------')\n",
    "\n",
    "##creamos la matriz C1\n",
    "C1=np.empty(A1.shape) #creamos una matriz vacía con las mismas dimensiones de A1 \n",
    "for i in range (10): #i itera de 0 a 9\n",
    "    C1[i]=A1[9-i] # 9-i iterara de 9 a 0\n",
    "\n",
    "print('la matriz C1 ', C1)\n",
    "print('------------------------------------------------------------------------')\n",
    "\n",
    "\n",
    "#convertimos A1 en C1 sin usar C1\n",
    "A1estatico=np.copy(A1) #  necesitamos crear una copia de A1 con los valores previos a entrar al ciclo  \n",
    "#porque en el ciclo modificamos la matriz A1 y perderiamos los valores de los de los primeros cinco renglones al reemplazarlos por los nuevos \n",
    "# de forma que el renglón 0 sería igual al 9 y el 1 igual al 8... \n",
    "#A1estatico tiene los valores de referencia de A1\n",
    "for i in range (10): #i itera de 0 a 9\n",
    "    A1[i]=A1estatico[9-i] #actualizamos los renglones de A1  # 9-i iterara de 9 a 0\n",
    "\n",
    "print('la matriz A1 modificada como C1 ', A1) # ahora A1 y C1 son iguales\n",
    "print('------------------------------------------------------------------------')\n",
    "\n",
    "\n",
    "D1=A1-(np.tile(B1,(A1.shape[0],1))) #creamos D1 para usar np.tile B1 y crear una matriz del mismo tamaño que A1 en el parametro reps \n",
    "#le indicamos que las repeticiones en renglones son las mismas que la cantidad de renglones en A1, y que la cantidad de repeticiones en el eje de las columnas es 1 \n",
    "#porque B1 ya tiene las mismas columnas que A1\n",
    "\n",
    "##INDICES IMPARES => RENGLONES PARES PORQUE PYTHON EMPIEZA A CONTAR EN CERO\n",
    "#notemos que los renglones pares pares en realidad corresponden a los indices impares porque python cuenta desde cero \n",
    "# entonces los renglones pares son los que tienen los indices 1,3,5,7,9...\n",
    "\n",
    "print('imprimiremos los renglones pares de la matriz D1:')\n",
    "for i in range(1,10,2): # el rango para indices impares y por tanto renglones pares # i toma los valores 1,3,5,7,9\n",
    "    print(D1[i])\n",
    "print('------------------------------------------------------------------------')\n",
    "print('imprimiremos los renglones pares de la matriz D1:')\n",
    "for i in range(1,10,2): # el rango para indices impares y por tanto renglones pares # i toma los valores 1,3,5,7,9\n",
    "    print(D1[:,i])\n",
    "print('------------------------------------------------------------------------') \n",
    "\n",
    "###\n",
    "\n",
    "\n",
    "print( 'los renglones del 0 al 3 (abierto) y las columnas impares de la matriz D1')\n",
    "for i in range(0,10,2): # el rango para indices pares y por tanto columnas impares # i toma los valores 0,2,4,6,8\n",
    "    print(D1[0:3,i])"
   ]
  },
  {
   "attachments": {
    "image.png": {
